D, C, A, B
abc D B 4 0.60 9.00
A:   1.000000000000   2.000000000000 1
B:   2.000000000000   3.000000000000 1
C:   3.000000000000   4.000000000000 1
D:   4.000000000000   5.000000000000 1
X:   9.000000000000   8.000000000000 0
