A:   1.000000000000   2.000000000000 0
B:   3.000000000000   4.000000000000 0
C:   4.000000000000   5.000000000000 0
D:   6.000000000000   7.000000000000 0
E:   8.000000000000   9.000000000000 0
A:   1.000000000000   2.000000000000 0
B:   3.000000000000   4.000000000000 0
D:   6.000000000000   7.000000000000 0
E:   8.000000000000   9.000000000000 0
