paragem1:   1.000000000000   2.000000000000 0
paragem2:   2.000000000000   3.000000000000 0
paragem2:   2.000000000000   3.000000000000 0
