paragem1:   1.000000000000   1.000000000000 0
paragem2:   2.000000000000   2.000000000000 0
paragem3:   3.000000000000   3.000000000000 0
paragem4:   4.000000000000   4.000000000000 0
paragem1:   1.000000000000   1.000000000000 0
paragem2:   2.000000000000   2.000000000000 0
paragem4:   4.000000000000   4.000000000000 0
paragem1:   1.000000000000   1.000000000000 0
paragem2:   2.000000000000   2.000000000000 0
paragem2:   2.000000000000   2.000000000000 0
