carreira1 paragem1 paragem4 4 3.00 3.00
carreira2 paragem1 paragem4 4 3.00 3.00
carreira3 paragem1 paragem4 4 3.00 3.00
carreira4 paragem1 paragem4 4 3.00 3.00
paragem1:   1.000000000000   1.000000000000 4
paragem2:   2.000000000000   2.000000000000 4
paragem3:   3.000000000000   3.000000000000 4
paragem4:   4.000000000000   4.000000000000 4
carreira1 paragem1 paragem4 4 3.00 3.00
carreira2 paragem1 paragem4 4 3.00 3.00
carreira4 paragem1 paragem4 4 3.00 3.00
paragem1:   1.000000000000   1.000000000000 3
paragem2:   2.000000000000   2.000000000000 3
paragem3:   3.000000000000   3.000000000000 3
paragem4:   4.000000000000   4.000000000000 3
carreira1 paragem1 paragem4 4 3.00 3.00
carreira2 paragem1 paragem4 4 3.00 3.00
paragem1:   1.000000000000   1.000000000000 2
paragem2:   2.000000000000   2.000000000000 2
paragem3:   3.000000000000   3.000000000000 2
paragem4:   4.000000000000   4.000000000000 2
carreira2 paragem1 paragem4 4 3.00 3.00
paragem1:   1.000000000000   1.000000000000 1
paragem2:   2.000000000000   2.000000000000 1
paragem3:   3.000000000000   3.000000000000 1
paragem4:   4.000000000000   4.000000000000 1
