3TZgCwpwwuMec3xGg6oaJGFWpVRjipXVpZDyPHcUmXwA6uaQdd:  20.672852338221 325.488861483321 0
VHnPzDXx3du2pK83wLayOuymxbf62iQbDXVA0x6uQ4jIwaeTeV: -53.349615268323  44.435903173563 0
mcrqJ5ravBYsmwhlLMpRf9YfZGVSSWduEmYsLC7doF5fjRWluN:   0.337018566131 291.005106886493 0
GzBB5tYRfLzeJQvcD9n3F9tcLnh7ALmGhwrPlDvtYE2AeHkQjm: -13.728060084198 170.466083280335 0
AwaUDEGHfyxtxSTdGhYBbWKS62YvidSNfBU92eRmv9T4PcXxQg:  43.393207310984 198.379188918335 0
cfBesJOgFCqTjnmlDACINJAxVswldtmZZyZyiZbnxG77D1Nyoa: -84.629878176818  48.169615198277 0
MrTOwh70TffUxwkc9VstOqZIIXJsYrEjFKTJcJ2JWh6rxAChpT:  67.419192367169 217.593231893533 0
VtHLA0nl05vmvkVTSJV3MwXeNypHwkTg4qMWziPjvsSVmQOtyq:  26.592722918546 102.952484627161 0
dcVugzew12CZ8TN5TQKfcdff8rYUU0DEhUTXbavoyIDP0m6FMF:  54.495465403270  31.274532642485 0
8GHnBATU5neluV7cjCcI1bsm8054HawydvISnIOhYwxYeXG1Kx:  -9.354101147753  71.038756504723 0
Fx96pXsVWZWKIuytfF130rus0KwWl5mgx6QeCTQkPWVAlUjknO:  58.898346375364 250.381686880242 0
8lVhLGz3tQoRepcJQSlMB8tR5QFmVGWx7yjj8ZLZkqJ7ZLCS7c:  54.281654066643 302.811891125411 0
ha6bPEqpGbBQVUtdrSLYgkuQzaVDSK2HXdqLPLN46mX924dPdu:  11.402033228123  20.745788997415 0
q4tUaejnzpIPGsKiC1CIkPcTiWg8sPWqPU5G1hMc2ZXxyMcEus:  42.707946043724 188.026983253213 0
uEGCOMh0FVyo2kUZYpjyKaqVHDpFPw3Zxrdaeu8iLC5SNdkpvd:  16.386450020452 242.742524121684 0
fHwh3Psp96gkbUbTJhOmQOEsOLE0RQC8pFTfXtTy21ljsWssSW:  62.169914043210 279.733111136228 0
MVxHyhSpqeN3528ZIMighL8H9obOjSBzfPLyV0Uojmc62erkTK:  59.911134927715 132.675445243380 0
rPMzVV9dIrCYgTPtbdDE5m6NfVLpZrcnrcwc3Kz7T6FDgHThc5:  73.796647201912 308.806027866930 0
IpTbgd1UxT1Zn0IXobObTac8a6fyaU6kDh2iCkkaPWePpfbIcc: -45.045891399417 319.650087383407 0
e6hCVPsM9W0hlnVLoMp5WNwLccMvJzXmxNCBPKOHlOS660ouSd: -51.926123822692 210.601340615967 0
