A:   1.000000000000   2.000000000000 0
B:   2.000000000000   3.000000000000 0
A:   1.000000000000   2.000000000000 1
B:   2.000000000000   3.000000000000 1
