S1:   1.200000000000   3.400000000000 0
S2:   1.300000000000   2.400000000000 0
S3:   1.400000000000   1.400000000000 0
